0.019608,0.18824,0.38039
0.018209,0.19712,0.39505
0.017004,0.20599,0.4095
0.016051,0.21485,0.42375
0.015414,0.22369,0.43778
0.015153,0.23251,0.45159
0.015333,0.24129,0.46517
0.016018,0.25004,0.4785
0.017273,0.25875,0.49159
0.019162,0.26742,0.50443
0.021752,0.27604,0.51701
0.025105,0.2846,0.52932
0.029287,0.29311,0.54136
0.034361,0.30156,0.55312
0.04039,0.30993,0.56459
0.046999,0.31824,0.57578
0.05394,0.32647,0.58667
0.061162,0.33461,0.59726
0.068622,0.34268,0.60755
0.076285,0.35065,0.61753
0.084123,0.35853,0.62719
0.09211,0.36631,0.63653
0.10023,0.37399,0.64555
0.10845,0.38156,0.65424
0.11678,0.38902,0.6626
0.12518,0.39637,0.67063
0.13347,0.40361,0.67827
0.14057,0.41081,0.68531
0.14653,0.41799,0.69175
0.15152,0.42514,0.69763
0.1557,0.43226,0.70298
0.15919,0.43935,0.70784
0.16214,0.44641,0.71225
0.16466,0.45343,0.71625
0.16686,0.46043,0.71988
0.16886,0.4674,0.72318
0.17078,0.47433,0.72619
0.17273,0.48124,0.72895
0.17484,0.48812,0.7315
0.17721,0.49498,0.73389
0.17998,0.50181,0.73615
0.18325,0.50862,0.73833
0.18713,0.51542,0.74046
0.19173,0.52221,0.74259
0.19714,0.52898,0.74477
0.20343,0.53575,0.74702
0.21069,0.54252,0.74941
0.21895,0.54929,0.75196
0.22826,0.55606,0.75472
0.23866,0.56285,0.75774
0.25015,0.56965,0.76105
0.26275,0.57647,0.76471
0.27594,0.58341,0.7686
0.28919,0.59056,0.7726
0.30248,0.5979,0.7767
0.31579,0.60542,0.78087
0.32909,0.61309,0.78513
0.34236,0.6209,0.78944
0.3556,0.62883,0.7938
0.36879,0.63686,0.79821
0.38189,0.64498,0.80264
0.39492,0.65315,0.8071
0.40783,0.66136,0.81156
0.42063,0.6696,0.81602
0.43328,0.67784,0.82046
0.44579,0.68606,0.82489
0.45812,0.69424,0.82927
0.47026,0.70237,0.83362
0.48219,0.71041,0.83791
0.4939,0.71835,0.84213
0.50537,0.72617,0.84627
0.51657,0.73385,0.85033
0.52748,0.74136,0.85428
0.5381,0.74869,0.85813
0.54839,0.75581,0.86186
0.55833,0.76269,0.86546
0.56791,0.76933,0.86892
0.57718,0.77572,0.87224
0.58665,0.78197,0.87555
0.59637,0.7881,0.87885
0.60631,0.79412,0.88214
0.61643,0.80002,0.88541
0.6267,0.80581,0.88866
0.63709,0.81148,0.89189
0.64756,0.81704,0.89508
0.65809,0.82248,0.89824
0.66865,0.82781,0.90136
0.67921,0.83302,0.90443
0.68974,0.83812,0.90744
0.70021,0.84311,0.9104
0.7106,0.84798,0.9133
0.72089,0.85275,0.91613
0.73103,0.8574,0.91888
0.74102,0.86194,0.92156
0.75081,0.86637,0.92415
0.7604,0.87069,0.92665
0.76976,0.87491,0.92906
0.77885,0.87902,0.93136
0.78766,0.88303,0.93356
0.79617,0.88693,0.93564
0.80434,0.89073,0.93761
0.81216,0.89444,0.93946
0.81961,0.89804,0.94118
0.82681,0.90157,0.94282
0.83393,0.90507,0.94443
0.84096,0.90852,0.94601
0.84789,0.91193,0.94757
0.85473,0.91529,0.94909
0.86147,0.9186,0.95057
0.86811,0.92186,0.95202
0.87465,0.92506,0.95342
0.88108,0.92819,0.95478
0.8874,0.93127,0.95609
0.8936,0.93428,0.95736
0.89968,0.93722,0.95857
0.90565,0.94009,0.95973
0.91149,0.94288,0.96083
0.9172,0.94559,0.96188
0.92278,0.94823,0.96286
0.92823,0.95078,0.96378
0.93354,0.95324,0.96463
0.93871,0.95561,0.96541
0.94373,0.95789,0.96612
0.94861,0.96007,0.96675
0.95333,0.96216,0.96731
0.9579,0.96414,0.96779
0.96231,0.96602,0.96819
0.96656,0.96778,0.9685
0.96948,0.96746,0.9658
0.97115,0.96496,0.96002
0.97275,0.96227,0.95405
0.97429,0.95937,0.94791
0.97576,0.95629,0.94161
0.97717,0.95303,0.93514
0.97851,0.94958,0.92851
0.97979,0.94597,0.92173
0.981,0.94219,0.91481
0.98215,0.93825,0.90775
0.98323,0.93416,0.90055
0.98425,0.92993,0.89323
0.98521,0.92555,0.88578
0.9861,0.92105,0.87822
0.98693,0.91641,0.87055
0.9877,0.91166,0.86277
0.98841,0.90679,0.85489
0.98906,0.90181,0.84692
0.98964,0.89673,0.83885
0.99017,0.89155,0.83071
0.99064,0.88628,0.82249
0.99105,0.88093,0.81419
0.99141,0.87551,0.80583
0.99171,0.87001,0.7974
0.99196,0.86445,0.78892
0.99216,0.85882,0.78039
0.9923,0.853,0.77158
0.99239,0.84684,0.76229
0.9924,0.84037,0.75256
0.99233,0.8336,0.74243
0.99216,0.82654,0.73196
0.99188,0.81922,0.72117
0.99148,0.81164,0.71012
0.99095,0.80384,0.69886
0.99029,0.79582,0.68741
0.98948,0.7876,0.67582
0.98853,0.7792,0.66414
0.98742,0.77064,0.65241
0.98615,0.76192,0.64067
0.98472,0.75308,0.62897
0.98313,0.74411,0.61733
0.98138,0.73505,0.60581
0.97946,0.72591,0.59445
0.97739,0.71669,0.58328
0.97514,0.70743,0.57235
0.97274,0.69813,0.56169
0.97019,0.68881,0.55135
0.96748,0.67949,0.54137
0.96462,0.67018,0.53179
0.96162,0.66089,0.52263
0.95848,0.65166,0.51395
0.95521,0.64244,0.5057
0.9518,0.633,0.4974
0.94826,0.62331,0.48897
0.94459,0.61341,0.48045
0.94079,0.60329,0.47184
0.93686,0.59299,0.46317
0.93281,0.58253,0.45446
0.92864,0.57191,0.44571
0.92436,0.56116,0.43695
0.91996,0.5503,0.4282
0.91546,0.53934,0.41947
0.91085,0.52831,0.41077
0.90615,0.51723,0.40214
0.90135,0.5061,0.39357
0.89647,0.49496,0.38509
0.89151,0.48381,0.37672
0.88648,0.47268,0.36846
0.88139,0.46158,0.36034
0.87623,0.45054,0.35237
0.87103,0.43958,0.34456
0.86578,0.4287,0.33693
0.8605,0.41794,0.32949
0.8552,0.40732,0.32226
0.84987,0.39685,0.31526
0.84454,0.38656,0.30848
0.83922,0.37647,0.30196
0.83399,0.36645,0.29565
0.82896,0.35636,0.28949
0.82408,0.34618,0.28348
0.81934,0.33593,0.27761
0.81469,0.3256,0.27187
0.81011,0.31519,0.26625
0.80558,0.30469,0.26074
0.80107,0.2941,0.25534
0.79654,0.28342,0.25003
0.79199,0.27266,0.24481
0.78736,0.2618,0.23967
0.78265,0.25085,0.2346
0.77783,0.23981,0.22958
0.77287,0.22867,0.22462
0.76774,0.21743,0.21971
0.76243,0.2061,0.21483
0.7569,0.19468,0.20997
0.75114,0.18316,0.20514
0.74511,0.17155,0.20031
0.73881,0.15985,0.19549
0.73219,0.14807,0.19066
0.72525,0.1362,0.18582
0.71796,0.12426,0.18095
0.71029,0.11224,0.17605
0.70223,0.10017,0.17111
0.69376,0.088037,0.16619
0.68498,0.075702,0.1616
0.67592,0.063038,0.15739
0.66657,0.04987,0.15354
0.65695,0.035969,0.15003
0.64706,0.023045,0.14683
0.63691,0.011827,0.14394
0.62652,0.0022162,0.14133
0.61588,0,0.13897
0.605,0,0.13686
0.5939,0,0.13497
0.58257,0,0.13328
0.57102,0,0.13178
0.55927,0,0.13044
0.54731,0,0.12925
0.53515,0,0.1282
0.5228,0,0.12726
0.51026,0,0.12642
0.49754,0,0.12566
0.48464,0,0.12498
0.47158,0,0.12435
0.45835,0,0.12376
0.44497,0,0.12321
0.43143,0,0.12266
0.41775,0,0.12212
0.40392,0,0.12157
