1,0.96863,0.92549
0.99981,0.96708,0.92143
0.99964,0.96551,0.91734
0.99948,0.96392,0.91322
0.99933,0.96231,0.90908
0.9992,0.96067,0.90491
0.99907,0.95901,0.90072
0.99895,0.95733,0.8965
0.99884,0.95562,0.89226
0.99873,0.9539,0.88799
0.99863,0.95216,0.8837
0.99854,0.95039,0.87939
0.99845,0.94861,0.87505
0.99836,0.94681,0.87069
0.99828,0.94499,0.86631
0.99819,0.94315,0.8619
0.99811,0.94129,0.85747
0.99803,0.93942,0.85302
0.99794,0.93753,0.84855
0.99785,0.93562,0.84405
0.99776,0.9337,0.83954
0.99766,0.93176,0.835
0.99756,0.9298,0.83044
0.99745,0.92784,0.82586
0.99733,0.92585,0.82125
0.99721,0.92386,0.81663
0.99708,0.92185,0.81199
0.99693,0.91983,0.80733
0.99678,0.91779,0.80264
0.99662,0.91575,0.79794
0.99644,0.91369,0.79322
0.99625,0.91162,0.78848
0.99605,0.90954,0.78372
0.99587,0.90744,0.77886
0.99572,0.9053,0.77388
0.99561,0.90312,0.76878
0.99552,0.90092,0.76357
0.99546,0.89868,0.75826
0.99542,0.89641,0.75287
0.99539,0.89411,0.74741
0.99538,0.89179,0.74188
0.99538,0.88943,0.7363
0.99538,0.88706,0.73067
0.99539,0.88466,0.72502
0.99539,0.88223,0.71935
0.9954,0.87979,0.71367
0.9954,0.87732,0.70799
0.99539,0.87483,0.70232
0.99537,0.87233,0.69668
0.99533,0.86981,0.69107
0.99529,0.86727,0.68551
0.99522,0.86472,0.68001
0.99514,0.86216,0.67457
0.99503,0.85958,0.66922
0.99491,0.85699,0.66395
0.99475,0.85439,0.65879
0.99458,0.85178,0.65374
0.99437,0.84917,0.64881
0.99414,0.84654,0.64401
0.99387,0.84391,0.63936
0.99357,0.84128,0.63487
0.99324,0.83864,0.63055
0.99288,0.836,0.6264
0.99248,0.83336,0.62244
0.99205,0.83071,0.61869
0.99164,0.82807,0.61506
0.99129,0.82542,0.61155
0.99099,0.82277,0.60813
0.99074,0.82011,0.60479
0.99053,0.81745,0.60154
0.99036,0.81477,0.59836
0.99024,0.81207,0.59525
0.99015,0.80936,0.59219
0.9901,0.80662,0.58919
0.99008,0.80386,0.58622
0.99009,0.80108,0.58329
0.99012,0.79827,0.58039
0.99018,0.79542,0.57751
0.99027,0.79254,0.57463
0.99037,0.78963,0.57177
0.99049,0.78667,0.56889
0.99062,0.78367,0.56601
0.99076,0.78063,0.5631
0.99091,0.77754,0.56017
0.99106,0.7744,0.5572
0.99122,0.77121,0.5542
0.99137,0.76796,0.55114
0.99152,0.76465,0.54802
0.99167,0.76128,0.54484
0.9918,0.75785,0.54159
0.99191,0.75436,0.53825
0.99201,0.75079,0.53483
0.99209,0.74715,0.53131
0.99215,0.74344,0.52769
0.99218,0.73966,0.52396
0.99217,0.73579,0.52011
0.99215,0.73183,0.51613
0.99218,0.72768,0.51188
0.99228,0.7233,0.50735
0.99244,0.71872,0.50256
0.99265,0.71394,0.49753
0.9929,0.70898,0.49229
0.99317,0.70384,0.48685
0.99347,0.69855,0.48124
0.99378,0.69311,0.47548
0.9941,0.68754,0.46959
0.9944,0.68184,0.4636
0.99469,0.67603,0.45752
0.99497,0.67011,0.45137
0.99521,0.66412,0.44518
0.99541,0.65804,0.43897
0.99558,0.6519,0.43276
0.9957,0.64571,0.42657
0.99576,0.63948,0.42042
0.99577,0.63323,0.41433
0.99571,0.62696,0.40833
0.99558,0.62069,0.40244
0.99539,0.61443,0.39667
0.99512,0.6082,0.39105
0.99477,0.60201,0.38559
0.99433,0.59587,0.38033
0.99382,0.5898,0.37528
0.99321,0.58381,0.37046
0.99252,0.57791,0.36589
0.99174,0.57212,0.3616
0.99086,0.56646,0.3576
0.98988,0.56093,0.35391
0.98881,0.55556,0.35056
0.98765,0.55035,0.34754
0.98646,0.54521,0.34472
0.98525,0.54012,0.34206
0.98403,0.53509,0.33954
0.98278,0.5301,0.33716
0.98152,0.52516,0.33491
0.98024,0.52026,0.33277
0.97894,0.5154,0.33073
0.97761,0.51056,0.32878
0.97626,0.50575,0.32692
0.97489,0.50097,0.32512
0.9735,0.49621,0.32338
0.97207,0.49146,0.32168
0.97062,0.48672,0.32001
0.96914,0.48199,0.31837
0.96763,0.47725,0.31674
0.96609,0.47252,0.31512
0.96451,0.46778,0.31348
0.9629,0.46303,0.31182
0.96126,0.45826,0.31013
0.95957,0.45348,0.30839
0.95785,0.44867,0.30661
0.95609,0.44382,0.30475
0.95428,0.43895,0.30283
0.95243,0.43403,0.30082
0.95054,0.42907,0.29871
0.94859,0.42406,0.2965
0.9466,0.419,0.29417
0.94456,0.41388,0.29171
0.94246,0.40869,0.28912
0.94031,0.40343,0.28638
0.9381,0.3981,0.28348
0.93585,0.39266,0.28039
0.93361,0.38706,0.277
0.93139,0.38128,0.27332
0.92918,0.37534,0.26937
0.92697,0.36925,0.26518
0.92475,0.36301,0.26075
0.92252,0.35664,0.25611
0.92026,0.35014,0.25127
0.91797,0.34352,0.24626
0.91565,0.3368,0.24109
0.91328,0.32998,0.23578
0.91087,0.32308,0.23034
0.90839,0.31609,0.2248
0.90586,0.30905,0.21917
0.90326,0.30195,0.21348
0.90058,0.29481,0.20772
0.89783,0.28764,0.20194
0.895,0.28046,0.19613
0.89207,0.27328,0.19032
0.88906,0.26611,0.18452
0.88594,0.25899,0.17876
0.88273,0.25191,0.17304
0.87941,0.24491,0.16739
0.87598,0.238,0.16182
0.87244,0.23121,0.15636
0.86879,0.22457,0.15102
0.86502,0.21809,0.14581
0.86112,0.21182,0.14077
0.8571,0.20579,0.1359
0.85295,0.20002,0.13123
0.84867,0.19457,0.12678
0.84426,0.18945,0.12258
0.83976,0.18462,0.11857
0.83528,0.17982,0.11459
0.83083,0.17504,0.11063
0.82641,0.17027,0.10669
0.82201,0.16551,0.10276
0.81762,0.16075,0.09884
0.81326,0.15599,0.094931
0.80891,0.15123,0.091027
0.80457,0.14644,0.087124
0.80024,0.14164,0.08322
0.79592,0.13682,0.07931
0.79161,0.13195,0.075389
0.78729,0.12704,0.071453
0.78298,0.12208,0.067496
0.77867,0.11705,0.063513
0.77435,0.11194,0.059496
0.77002,0.10675,0.055439
0.76568,0.10144,0.051331
0.76133,0.096003,0.047163
0.75697,0.090418,0.042921
0.75258,0.084654,0.038586
0.74818,0.078677,0.03434
0.74376,0.072445,0.030269
0.73931,0.065904,0.026366
0.73483,0.05898,0.022627
0.73033,0.051574,0.019048
0.72579,0.043541,0.015626
0.72122,0.034807,0.012356
0.71661,0.026121,0.0092342
0.71197,0.0176,0.0062578
0.70728,0.0092348,0.003329
0.70255,0.0010171,0.00037173
0.69774,0,0
0.69278,0,0
0.68768,0,0
0.68243,0,0
0.67705,0,0
0.67153,0,0
0.66589,0,0
0.66013,0,0
0.65425,0,0
0.64827,0,0
0.64217,0,0
0.63598,0,0
0.62968,0,0
0.6233,0,0
0.61683,0,0
0.61028,0,0
0.60365,0,0
0.59694,0,0
0.59017,0,0
0.58334,0,0
0.57644,0,0
0.5695,0,0
0.5625,0,0
0.55546,0,0
0.54837,0,0
0.54125,0,0
0.5341,0,0
0.52693,0,0
0.51973,0,0
0.51251,0,0
0.50528,0,0
0.49804,1.6679e-16,0
